606.4773541156602 112.45971593493537
911.1058165153365 197.42013578043859
387.9367692359276 307.66108797160115
593.7876472083943 87.82688759667101
106.08041935274429 488.7016207390022
898.7537931214043 211.7417148887612
590.9983115032496 82.70726927508926
494.74519621455244 795.7552896468121
101.56492643743935 508.100492322337
901.7191864906376 205.26560520353922
892.9893774021881 191.4141718647425
101.5658452373021 505.4935308603667
603.6505072265859 94.9479096542114
491.0517283666541 815.4602165870984
411.68646924056003 297.34479144007884
485.99864961520205 811.0465432283629
99.2956607215144 498.45406171522677
606.1947531935524 103.15469473097856
499.94605136850004 807.7649196037243
414.06696831319414 315.94990449013824
911.4462985190178 205.04142464680905
490.3967639696575 811.6085510209559
101.07007595691249 499.4050148979469
391.40434350058285 305.6944449118447
89.12112046640817 492.8955322044739
509.5949112882723 799.2024368491731
605.956894232473 87.60742299387888
605.5595219885171 94.77694852276474
390.7056221571729 293.5971482451415
503.74576024708267 811.4476672117058
394.8589630500222 295.21915200737345
411.39047815307237 299.44573213921245
896.8784086020206 207.22097383313414
403.15429904426094 284.3964096721071
893.0278665228467 188.8821617810209
381.92479317134837 287.8182230081801
87.66664804168177 491.7327640809068
415.39620521214476 298.18941497612303
504.2410949963366 795.7022754440632
108.7208275796429 495.0272563630945
505.2980456526567 800.1285103323552
895.036502939495 204.92705638029562
599.1524721832777 88.21198345882992
107.0347158360668 498.1308732191628
609.6066713730213 114.57488583593044
892.2631400420195 194.1293124033731
598.4122013401583 110.92844612896936
506.4783781834902 816.3728471385821
88.79297105169442 502.99770438619595
899.9763431796138 196.94225625937773
